d  4.00 1 40 50 3 0 0 0 0 0 5 1
s  1 1 0 #;THD=DIP20;CMN:GRD=10;CMN:VCC=20;DESC=LS
s  1 0 0 #244_OCTAL_BUFFER
l  1 80 160 0 160 0 0
p  1 0 140 0 0 1 28
s  1 0 0 #2
p  1 0 120 0 0 1 29
s  1 0 0 #4
p  1 0 100 0 0 1 30
s  1 0 0 #6
p  1 0 80 0 0 1 31
s  1 0 0 #8
p  1 20 -50 0 0 1 57
s  1 0 0 #1
p  1 80 80 0 0 1 33
s  1 0 0 #12
p  1 80 100 0 0 1 34
s  1 0 0 #14
p  1 80 120 0 0 1 35
s  1 0 0 #16
p  1 80 140 0 0 1 36
s  1 0 0 #18
t  1 -12 145 0.03 0 0 1
s  1 0 0 #2
t  1 -12 125 0.03 0 0 1
s  1 0 0 #4
t  1 -12 105 0.03 0 0 1
s  1 0 0 #6
t  1 -12 85 0.03 0 0 1
s  1 0 0 #8
t  1 5 137 0.03 0 0 1
s  1 0 0 #IA0
t  1 5 117 0.03 0 0 1
s  1 0 0 #IA1
t  1 5 97 0.03 0 0 1
s  1 0 0 #IA2
t  1 5 77 0.03 0 0 1
s  1 0 0 #IA3
t  1 85 145 0.03 0 0 1
s  1 0 0 #18
t  1 85 125 0.03 0 0 1
s  1 0 0 #16
t  1 85 105 0.03 0 0 1
s  1 0 0 #14
t  1 85 85 0.03 0 0 1
s  1 0 0 #12
t  1 59 137 0.03 0 0 1
s  1 0 0 #YA0
t  1 59 117 0.03 0 0 1
s  1 0 0 #YA1
t  1 59 97 0.03 0 0 1
s  1 0 0 #YA2
t  1 59 77 0.03 0 0 1
s  1 0 0 #YA3
t  1 15 -33 0.03 0 0 1
s  1 0 0 #OEA
c  1 20 -45 25 -45
t  1 11 -60 0.03 0 0 1
s  1 0 0 #1
l  1 0 -40 0 160 0 0
l  1 80 -40 80 160 0 0
p  1 0 60 0 0 1 47
s  1 0 0 #17
p  1 0 40 0 0 1 48
s  1 0 0 #15
p  1 0 20 0 0 1 49
s  1 0 0 #13
p  1 0 0 0 0 1 50
s  1 0 0 #11
p  1 60 -50 0 0 1 56
s  1 0 0 #19
p  1 80 0 0 0 1 52
s  1 0 0 #9
p  1 80 20 0 0 1 53
s  1 0 0 #7
p  1 80 40 0 0 1 54
s  1 0 0 #5
p  1 80 60 0 0 1 55
s  1 0 0 #3
l  1 0 -40 80 -40 0 0
t  1 5 57 0.03 0 0 1
s  1 0 0 #IB0
t  1 5 37 0.03 0 0 1
s  1 0 0 #IB1
t  1 5 17 0.03 0 0 1
s  1 0 0 #IB2
t  1 5 -3 0.03 0 0 1
s  1 0 0 #IB3
t  1 59 57 0.03 0 0 1
s  1 0 0 #YB0
t  1 59 37 0.03 0 0 1
s  1 0 0 #YB1
t  1 59 17 0.03 0 0 1
s  1 0 0 #YB2
t  1 59 -3 0.03 0 0 1
s  1 0 0 #YB3
t  1 -18 65 0.03 0 0 1
s  1 0 0 #17
t  1 -18 45 0.03 0 0 1
s  1 0 0 #15
t  1 -18 25 0.03 0 0 1
s  1 0 0 #13
t  1 -18 5 0.03 0 0 1
s  1 0 0 #11
t  1 47 -60 0.03 0 0 1
s  1 0 0 #19
t  1 45 -33 0.03 0 0 1
s  1 0 0 #OEB
t  1 85 65 0.03 0 0 1
s  1 0 0 #3
t  1 85 45 0.03 0 0 1
s  1 0 0 #5
t  1 85 25 0.03 0 0 1
s  1 0 0 #7
t  1 85 5 0.03 0 0 1
s  1 0 0 #9
c  1 60 -45 65 -45
t  1 25 65 0.03125 0 0 1
s  1 0 0 #LS244
